lebron_per_year =  [2003 20.9;
                    2004 27.2;
                    2005 31.4;
                    2006 27.3;
                    2007 30.0;
                    2008 28.4;
                    2009 29.7;
                    2010 26.7;
                    2011 27.1;
                    2012 26.8;
                    2013 27.1;
                    2014 25.3;
                    2015 25.3;
                    2016 26.4;
                    2017 27.5;
                    2018 27.4;
                    2019 25.3;
                    2020 25.0;
                    2021 30.3;
                    2022 28.9;
                    2023 25.7;
                    2024 25.1]
